{
  "nbformat": 4,
  "nbformat_minor": 0,
  "metadata": {
    "colab": {
      "provenance": [],
      "authorship_tag": "ABX9TyNoNl8teepM5cCTpzCIkr9j",
      "include_colab_link": true
    },
    "kernelspec": {
      "name": "python3",
      "display_name": "Python 3"
    },
    "language_info": {
      "name": "python"
    }
  },
  "cells": [
    {
      "cell_type": "markdown",
      "metadata": {
        "id": "view-in-github",
        "colab_type": "text"
      },
      "source": [
        "<a href=\"https://colab.research.google.com/github/Mrunal018/Principle-Component-Analysis/blob/main/SBI_data.ipynb\" target=\"_parent\"><img src=\"https://colab.research.google.com/assets/colab-badge.svg\" alt=\"Open In Colab\"/></a>"
      ]
    },
    {
      "cell_type": "code",
      "execution_count": 64,
      "metadata": {
        "colab": {
          "base_uri": "https://localhost:8080/"
        },
        "id": "vM_H5T9PB4oK",
        "outputId": "f7356fe8-bbf3-4f98-d40e-a919545d68de"
      },
      "outputs": [
        {
          "output_type": "stream",
          "name": "stdout",
          "text": [
            "Drive already mounted at /content/drive; to attempt to forcibly remount, call drive.mount(\"/content/drive\", force_remount=True).\n"
          ]
        }
      ],
      "source": [
        "from google.colab import drive\n",
        "drive.mount('/content/drive')"
      ]
    },
    {
      "cell_type": "code",
      "source": [
        "import pandas as pd\n",
        "import matplotlib.pyplot as plt\n",
        "import numpy as np\n",
        "import seaborn as sns\n",
        "from statsmodels.tsa.seasonal import seasonal_decompose\n",
        "from statsmodels.graphics.tsaplots import plot_acf,plot_pacf\n",
        "import plotly.graph_objects as go"
      ],
      "metadata": {
        "id": "nRARJrBZCFxo"
      },
      "execution_count": 72,
      "outputs": []
    },
    {
      "cell_type": "code",
      "source": [
        "data=pd.read_csv('/content/drive/MyDrive/Internship/SBI Historical Data.csv')"
      ],
      "metadata": {
        "id": "WclyN3kWCQN6"
      },
      "execution_count": 73,
      "outputs": []
    },
    {
      "cell_type": "code",
      "source": [
        "data.head(3)"
      ],
      "metadata": {
        "colab": {
          "base_uri": "https://localhost:8080/",
          "height": 143
        },
        "id": "YMqvB894DOJd",
        "outputId": "3b619839-75af-4af3-950c-dcfea1b02fef"
      },
      "execution_count": 74,
      "outputs": [
        {
          "output_type": "execute_result",
          "data": {
            "text/plain": [
              "         Date  Price   Open    High    Low    Vol. Change %\n",
              "0  27-05-2024  833.7  832.6  839.40  823.0  12.30M    0.62%\n",
              "1  24-05-2024  828.6  830.0  841.25  827.0  12.25M   -0.42%\n",
              "2  23-05-2024  832.1  824.7  835.50  822.0  17.50M    1.63%"
            ],
            "text/html": [
              "\n",
              "  <div id=\"df-0d340e90-93b1-4bcf-9dd4-c89faeb0bdff\" class=\"colab-df-container\">\n",
              "    <div>\n",
              "<style scoped>\n",
              "    .dataframe tbody tr th:only-of-type {\n",
              "        vertical-align: middle;\n",
              "    }\n",
              "\n",
              "    .dataframe tbody tr th {\n",
              "        vertical-align: top;\n",
              "    }\n",
              "\n",
              "    .dataframe thead th {\n",
              "        text-align: right;\n",
              "    }\n",
              "</style>\n",
              "<table border=\"1\" class=\"dataframe\">\n",
              "  <thead>\n",
              "    <tr style=\"text-align: right;\">\n",
              "      <th></th>\n",
              "      <th>Date</th>\n",
              "      <th>Price</th>\n",
              "      <th>Open</th>\n",
              "      <th>High</th>\n",
              "      <th>Low</th>\n",
              "      <th>Vol.</th>\n",
              "      <th>Change %</th>\n",
              "    </tr>\n",
              "  </thead>\n",
              "  <tbody>\n",
              "    <tr>\n",
              "      <th>0</th>\n",
              "      <td>27-05-2024</td>\n",
              "      <td>833.7</td>\n",
              "      <td>832.6</td>\n",
              "      <td>839.40</td>\n",
              "      <td>823.0</td>\n",
              "      <td>12.30M</td>\n",
              "      <td>0.62%</td>\n",
              "    </tr>\n",
              "    <tr>\n",
              "      <th>1</th>\n",
              "      <td>24-05-2024</td>\n",
              "      <td>828.6</td>\n",
              "      <td>830.0</td>\n",
              "      <td>841.25</td>\n",
              "      <td>827.0</td>\n",
              "      <td>12.25M</td>\n",
              "      <td>-0.42%</td>\n",
              "    </tr>\n",
              "    <tr>\n",
              "      <th>2</th>\n",
              "      <td>23-05-2024</td>\n",
              "      <td>832.1</td>\n",
              "      <td>824.7</td>\n",
              "      <td>835.50</td>\n",
              "      <td>822.0</td>\n",
              "      <td>17.50M</td>\n",
              "      <td>1.63%</td>\n",
              "    </tr>\n",
              "  </tbody>\n",
              "</table>\n",
              "</div>\n",
              "    <div class=\"colab-df-buttons\">\n",
              "\n",
              "  <div class=\"colab-df-container\">\n",
              "    <button class=\"colab-df-convert\" onclick=\"convertToInteractive('df-0d340e90-93b1-4bcf-9dd4-c89faeb0bdff')\"\n",
              "            title=\"Convert this dataframe to an interactive table.\"\n",
              "            style=\"display:none;\">\n",
              "\n",
              "  <svg xmlns=\"http://www.w3.org/2000/svg\" height=\"24px\" viewBox=\"0 -960 960 960\">\n",
              "    <path d=\"M120-120v-720h720v720H120Zm60-500h600v-160H180v160Zm220 220h160v-160H400v160Zm0 220h160v-160H400v160ZM180-400h160v-160H180v160Zm440 0h160v-160H620v160ZM180-180h160v-160H180v160Zm440 0h160v-160H620v160Z\"/>\n",
              "  </svg>\n",
              "    </button>\n",
              "\n",
              "  <style>\n",
              "    .colab-df-container {\n",
              "      display:flex;\n",
              "      gap: 12px;\n",
              "    }\n",
              "\n",
              "    .colab-df-convert {\n",
              "      background-color: #E8F0FE;\n",
              "      border: none;\n",
              "      border-radius: 50%;\n",
              "      cursor: pointer;\n",
              "      display: none;\n",
              "      fill: #1967D2;\n",
              "      height: 32px;\n",
              "      padding: 0 0 0 0;\n",
              "      width: 32px;\n",
              "    }\n",
              "\n",
              "    .colab-df-convert:hover {\n",
              "      background-color: #E2EBFA;\n",
              "      box-shadow: 0px 1px 2px rgba(60, 64, 67, 0.3), 0px 1px 3px 1px rgba(60, 64, 67, 0.15);\n",
              "      fill: #174EA6;\n",
              "    }\n",
              "\n",
              "    .colab-df-buttons div {\n",
              "      margin-bottom: 4px;\n",
              "    }\n",
              "\n",
              "    [theme=dark] .colab-df-convert {\n",
              "      background-color: #3B4455;\n",
              "      fill: #D2E3FC;\n",
              "    }\n",
              "\n",
              "    [theme=dark] .colab-df-convert:hover {\n",
              "      background-color: #434B5C;\n",
              "      box-shadow: 0px 1px 3px 1px rgba(0, 0, 0, 0.15);\n",
              "      filter: drop-shadow(0px 1px 2px rgba(0, 0, 0, 0.3));\n",
              "      fill: #FFFFFF;\n",
              "    }\n",
              "  </style>\n",
              "\n",
              "    <script>\n",
              "      const buttonEl =\n",
              "        document.querySelector('#df-0d340e90-93b1-4bcf-9dd4-c89faeb0bdff button.colab-df-convert');\n",
              "      buttonEl.style.display =\n",
              "        google.colab.kernel.accessAllowed ? 'block' : 'none';\n",
              "\n",
              "      async function convertToInteractive(key) {\n",
              "        const element = document.querySelector('#df-0d340e90-93b1-4bcf-9dd4-c89faeb0bdff');\n",
              "        const dataTable =\n",
              "          await google.colab.kernel.invokeFunction('convertToInteractive',\n",
              "                                                    [key], {});\n",
              "        if (!dataTable) return;\n",
              "\n",
              "        const docLinkHtml = 'Like what you see? Visit the ' +\n",
              "          '<a target=\"_blank\" href=https://colab.research.google.com/notebooks/data_table.ipynb>data table notebook</a>'\n",
              "          + ' to learn more about interactive tables.';\n",
              "        element.innerHTML = '';\n",
              "        dataTable['output_type'] = 'display_data';\n",
              "        await google.colab.output.renderOutput(dataTable, element);\n",
              "        const docLink = document.createElement('div');\n",
              "        docLink.innerHTML = docLinkHtml;\n",
              "        element.appendChild(docLink);\n",
              "      }\n",
              "    </script>\n",
              "  </div>\n",
              "\n",
              "\n",
              "<div id=\"df-d787772b-c173-4a88-869b-33010e0102a4\">\n",
              "  <button class=\"colab-df-quickchart\" onclick=\"quickchart('df-d787772b-c173-4a88-869b-33010e0102a4')\"\n",
              "            title=\"Suggest charts\"\n",
              "            style=\"display:none;\">\n",
              "\n",
              "<svg xmlns=\"http://www.w3.org/2000/svg\" height=\"24px\"viewBox=\"0 0 24 24\"\n",
              "     width=\"24px\">\n",
              "    <g>\n",
              "        <path d=\"M19 3H5c-1.1 0-2 .9-2 2v14c0 1.1.9 2 2 2h14c1.1 0 2-.9 2-2V5c0-1.1-.9-2-2-2zM9 17H7v-7h2v7zm4 0h-2V7h2v10zm4 0h-2v-4h2v4z\"/>\n",
              "    </g>\n",
              "</svg>\n",
              "  </button>\n",
              "\n",
              "<style>\n",
              "  .colab-df-quickchart {\n",
              "      --bg-color: #E8F0FE;\n",
              "      --fill-color: #1967D2;\n",
              "      --hover-bg-color: #E2EBFA;\n",
              "      --hover-fill-color: #174EA6;\n",
              "      --disabled-fill-color: #AAA;\n",
              "      --disabled-bg-color: #DDD;\n",
              "  }\n",
              "\n",
              "  [theme=dark] .colab-df-quickchart {\n",
              "      --bg-color: #3B4455;\n",
              "      --fill-color: #D2E3FC;\n",
              "      --hover-bg-color: #434B5C;\n",
              "      --hover-fill-color: #FFFFFF;\n",
              "      --disabled-bg-color: #3B4455;\n",
              "      --disabled-fill-color: #666;\n",
              "  }\n",
              "\n",
              "  .colab-df-quickchart {\n",
              "    background-color: var(--bg-color);\n",
              "    border: none;\n",
              "    border-radius: 50%;\n",
              "    cursor: pointer;\n",
              "    display: none;\n",
              "    fill: var(--fill-color);\n",
              "    height: 32px;\n",
              "    padding: 0;\n",
              "    width: 32px;\n",
              "  }\n",
              "\n",
              "  .colab-df-quickchart:hover {\n",
              "    background-color: var(--hover-bg-color);\n",
              "    box-shadow: 0 1px 2px rgba(60, 64, 67, 0.3), 0 1px 3px 1px rgba(60, 64, 67, 0.15);\n",
              "    fill: var(--button-hover-fill-color);\n",
              "  }\n",
              "\n",
              "  .colab-df-quickchart-complete:disabled,\n",
              "  .colab-df-quickchart-complete:disabled:hover {\n",
              "    background-color: var(--disabled-bg-color);\n",
              "    fill: var(--disabled-fill-color);\n",
              "    box-shadow: none;\n",
              "  }\n",
              "\n",
              "  .colab-df-spinner {\n",
              "    border: 2px solid var(--fill-color);\n",
              "    border-color: transparent;\n",
              "    border-bottom-color: var(--fill-color);\n",
              "    animation:\n",
              "      spin 1s steps(1) infinite;\n",
              "  }\n",
              "\n",
              "  @keyframes spin {\n",
              "    0% {\n",
              "      border-color: transparent;\n",
              "      border-bottom-color: var(--fill-color);\n",
              "      border-left-color: var(--fill-color);\n",
              "    }\n",
              "    20% {\n",
              "      border-color: transparent;\n",
              "      border-left-color: var(--fill-color);\n",
              "      border-top-color: var(--fill-color);\n",
              "    }\n",
              "    30% {\n",
              "      border-color: transparent;\n",
              "      border-left-color: var(--fill-color);\n",
              "      border-top-color: var(--fill-color);\n",
              "      border-right-color: var(--fill-color);\n",
              "    }\n",
              "    40% {\n",
              "      border-color: transparent;\n",
              "      border-right-color: var(--fill-color);\n",
              "      border-top-color: var(--fill-color);\n",
              "    }\n",
              "    60% {\n",
              "      border-color: transparent;\n",
              "      border-right-color: var(--fill-color);\n",
              "    }\n",
              "    80% {\n",
              "      border-color: transparent;\n",
              "      border-right-color: var(--fill-color);\n",
              "      border-bottom-color: var(--fill-color);\n",
              "    }\n",
              "    90% {\n",
              "      border-color: transparent;\n",
              "      border-bottom-color: var(--fill-color);\n",
              "    }\n",
              "  }\n",
              "</style>\n",
              "\n",
              "  <script>\n",
              "    async function quickchart(key) {\n",
              "      const quickchartButtonEl =\n",
              "        document.querySelector('#' + key + ' button');\n",
              "      quickchartButtonEl.disabled = true;  // To prevent multiple clicks.\n",
              "      quickchartButtonEl.classList.add('colab-df-spinner');\n",
              "      try {\n",
              "        const charts = await google.colab.kernel.invokeFunction(\n",
              "            'suggestCharts', [key], {});\n",
              "      } catch (error) {\n",
              "        console.error('Error during call to suggestCharts:', error);\n",
              "      }\n",
              "      quickchartButtonEl.classList.remove('colab-df-spinner');\n",
              "      quickchartButtonEl.classList.add('colab-df-quickchart-complete');\n",
              "    }\n",
              "    (() => {\n",
              "      let quickchartButtonEl =\n",
              "        document.querySelector('#df-d787772b-c173-4a88-869b-33010e0102a4 button');\n",
              "      quickchartButtonEl.style.display =\n",
              "        google.colab.kernel.accessAllowed ? 'block' : 'none';\n",
              "    })();\n",
              "  </script>\n",
              "</div>\n",
              "\n",
              "    </div>\n",
              "  </div>\n"
            ],
            "application/vnd.google.colaboratory.intrinsic+json": {
              "type": "dataframe",
              "variable_name": "data",
              "summary": "{\n  \"name\": \"data\",\n  \"rows\": 3554,\n  \"fields\": [\n    {\n      \"column\": \"Date\",\n      \"properties\": {\n        \"dtype\": \"object\",\n        \"num_unique_values\": 3554,\n        \"samples\": [\n          \"09-03-2023\",\n          \"12-05-2015\",\n          \"07-10-2014\"\n        ],\n        \"semantic_type\": \"\",\n        \"description\": \"\"\n      }\n    },\n    {\n      \"column\": \"Price\",\n      \"properties\": {\n        \"dtype\": \"number\",\n        \"std\": 139.31629892710865,\n        \"min\": 147.36,\n        \"max\": 833.7,\n        \"num_unique_values\": 3062,\n        \"samples\": [\n          188.3,\n          616.55,\n          277.45\n        ],\n        \"semantic_type\": \"\",\n        \"description\": \"\"\n      }\n    },\n    {\n      \"column\": \"Open\",\n      \"properties\": {\n        \"dtype\": \"number\",\n        \"std\": 139.2687440441095,\n        \"min\": 147.0,\n        \"max\": 834.8,\n        \"num_unique_values\": 2465,\n        \"samples\": [\n          588.0,\n          195.0,\n          331.7\n        ],\n        \"semantic_type\": \"\",\n        \"description\": \"\"\n      }\n    },\n    {\n      \"column\": \"High\",\n      \"properties\": {\n        \"dtype\": \"number\",\n        \"std\": 140.396020985194,\n        \"min\": 148.49,\n        \"max\": 841.25,\n        \"num_unique_values\": 2747,\n        \"samples\": [\n          237.85,\n          210.91,\n          217.0\n        ],\n        \"semantic_type\": \"\",\n        \"description\": \"\"\n      }\n    },\n    {\n      \"column\": \"Low\",\n      \"properties\": {\n        \"dtype\": \"number\",\n        \"std\": 138.07587834514652,\n        \"min\": 145.27,\n        \"max\": 827.0,\n        \"num_unique_values\": 2808,\n        \"samples\": [\n          268.7,\n          190.01,\n          221.2\n        ],\n        \"semantic_type\": \"\",\n        \"description\": \"\"\n      }\n    },\n    {\n      \"column\": \"Vol.\",\n      \"properties\": {\n        \"dtype\": \"string\",\n        \"num_unique_values\": 2275,\n        \"samples\": [\n          \"25.03M\",\n          \"18.04M\",\n          \"91.73M\"\n        ],\n        \"semantic_type\": \"\",\n        \"description\": \"\"\n      }\n    },\n    {\n      \"column\": \"Change %\",\n      \"properties\": {\n        \"dtype\": \"category\",\n        \"num_unique_values\": 871,\n        \"samples\": [\n          \"1.57%\",\n          \"3.60%\",\n          \"1.35%\"\n        ],\n        \"semantic_type\": \"\",\n        \"description\": \"\"\n      }\n    }\n  ]\n}"
            }
          },
          "metadata": {},
          "execution_count": 74
        }
      ]
    },
    {
      "cell_type": "markdown",
      "source": [
        "**Converting String to integers**"
      ],
      "metadata": {
        "id": "wrZb6Nf979B6"
      }
    },
    {
      "cell_type": "code",
      "source": [
        "\n",
        "# Function to convert volume strings to numeric values\n",
        "def convert_volume(vol_str):\n",
        "    if pd.isna(vol_str):\n",
        "        return np.nan\n",
        "    vol_str = vol_str.strip()\n",
        "    if vol_str[-1] == 'M':\n",
        "        return float(vol_str[:-1]) * 1_000_000\n",
        "    elif vol_str[-1] == 'K':\n",
        "        return float(vol_str[:-1]) * 1_000\n",
        "    else:\n",
        "        return float(vol_str)\n",
        "\n",
        "# Create a DataFrame\n",
        "df = pd.DataFrame(data)\n",
        "df = df.interpolate()\n",
        "# Convert the 'Date' column to datetime format\n",
        "df['Date'] = pd.to_datetime(df['Date'], format='%d-%m-%Y')\n",
        "\n",
        "# Apply the conversion function to the 'Vol.' column\n",
        "df['Vol.'] = df['Vol.'].apply(convert_volume)\n",
        "\n",
        "# Set the 'Date' column as the index\n",
        "df.set_index('Date', inplace=True)\n",
        "\n",
        "\n",
        "print(\"DataFrame with converted volume values:\")\n",
        "print(df)\n",
        "print(df.head(10))"
      ],
      "metadata": {
        "colab": {
          "base_uri": "https://localhost:8080/"
        },
        "collapsed": true,
        "id": "_BV5MPNiDXhp",
        "outputId": "6f1240e1-0065-40ca-ac24-8a985b0d0796"
      },
      "execution_count": 75,
      "outputs": [
        {
          "output_type": "stream",
          "name": "stdout",
          "text": [
            "DataFrame with converted volume values:\n",
            "             Price    Open    High     Low        Vol. Change %\n",
            "Date                                                           \n",
            "2024-05-27  833.70  832.60  839.40  823.00  12300000.0    0.62%\n",
            "2024-05-24  828.60  830.00  841.25  827.00  12250000.0   -0.42%\n",
            "2024-05-23  832.10  824.70  835.50  822.00  17500000.0    1.63%\n",
            "2024-05-22  818.75  826.55  826.65  813.55  19240000.0   -1.43%\n",
            "2024-05-21  830.65  821.00  836.30  819.60  14040000.0    1.18%\n",
            "...            ...     ...     ...     ...         ...      ...\n",
            "2010-02-04  194.79  199.60  199.67  194.00  35360000.0   -2.55%\n",
            "2010-02-03  199.88  198.63  201.59  198.35  30450000.0    1.03%\n",
            "2010-02-02  197.84  203.02  204.52  197.41  24090000.0   -2.12%\n",
            "2010-02-01  202.12  214.80  214.80  201.55  22050000.0   -1.72%\n",
            "2010-01-29  205.66  199.00  206.74  195.50  46490000.0    2.67%\n",
            "\n",
            "[3554 rows x 6 columns]\n",
            "             Price    Open    High     Low        Vol. Change %\n",
            "Date                                                           \n",
            "2024-05-27  833.70  832.60  839.40  823.00  12300000.0    0.62%\n",
            "2024-05-24  828.60  830.00  841.25  827.00  12250000.0   -0.42%\n",
            "2024-05-23  832.10  824.70  835.50  822.00  17500000.0    1.63%\n",
            "2024-05-22  818.75  826.55  826.65  813.55  19240000.0   -1.43%\n",
            "2024-05-21  830.65  821.00  836.30  819.60  14040000.0    1.18%\n",
            "2024-05-18  821.00  822.00  823.00  819.20    960450.0    0.39%\n",
            "2024-05-17  817.85  814.50  822.45  811.20  12490000.0    0.73%\n",
            "2024-05-16  811.95  825.30  826.15  797.35  20540000.0   -1.02%\n",
            "2024-05-15  820.30  821.00  825.30  818.05   9760000.0    0.26%\n",
            "2024-05-14  818.20  813.00  822.40  807.90  10910000.0    1.16%\n"
          ]
        }
      ]
    },
    {
      "cell_type": "markdown",
      "source": [
        "**Sorting**"
      ],
      "metadata": {
        "id": "ufGcQXSW8Los"
      }
    },
    {
      "cell_type": "code",
      "source": [
        "df2 = df.sort_values(by='Date', ascending=True)\n",
        "print(\"\\nDataFrame sorted by date in ascending order:\")\n",
        "print(df2)"
      ],
      "metadata": {
        "colab": {
          "base_uri": "https://localhost:8080/"
        },
        "collapsed": true,
        "id": "f6UjafNpDcVa",
        "outputId": "cd74d8c2-9375-410d-d103-ab389d41aed1"
      },
      "execution_count": 76,
      "outputs": [
        {
          "output_type": "stream",
          "name": "stdout",
          "text": [
            "\n",
            "DataFrame sorted by date in ascending order:\n",
            "             Price    Open    High     Low        Vol. Change %\n",
            "Date                                                           \n",
            "2010-01-29  205.66  199.00  206.74  195.50  46490000.0    2.67%\n",
            "2010-02-01  202.12  214.80  214.80  201.55  22050000.0   -1.72%\n",
            "2010-02-02  197.84  203.02  204.52  197.41  24090000.0   -2.12%\n",
            "2010-02-03  199.88  198.63  201.59  198.35  30450000.0    1.03%\n",
            "2010-02-04  194.79  199.60  199.67  194.00  35360000.0   -2.55%\n",
            "...            ...     ...     ...     ...         ...      ...\n",
            "2024-05-21  830.65  821.00  836.30  819.60  14040000.0    1.18%\n",
            "2024-05-22  818.75  826.55  826.65  813.55  19240000.0   -1.43%\n",
            "2024-05-23  832.10  824.70  835.50  822.00  17500000.0    1.63%\n",
            "2024-05-24  828.60  830.00  841.25  827.00  12250000.0   -0.42%\n",
            "2024-05-27  833.70  832.60  839.40  823.00  12300000.0    0.62%\n",
            "\n",
            "[3554 rows x 6 columns]\n"
          ]
        }
      ]
    },
    {
      "cell_type": "code",
      "source": [
        "df2.index = pd.to_datetime(df2.index)\n",
        "print(\"\\nDataFrame with datetime index:\")\n",
        "print(df2)"
      ],
      "metadata": {
        "colab": {
          "base_uri": "https://localhost:8080/"
        },
        "collapsed": true,
        "id": "6G6Z2yTODn-W",
        "outputId": "94520060-a536-438a-e3fe-621ff61a958d"
      },
      "execution_count": 77,
      "outputs": [
        {
          "output_type": "stream",
          "name": "stdout",
          "text": [
            "\n",
            "DataFrame with datetime index:\n",
            "             Price    Open    High     Low        Vol. Change %\n",
            "Date                                                           \n",
            "2010-01-29  205.66  199.00  206.74  195.50  46490000.0    2.67%\n",
            "2010-02-01  202.12  214.80  214.80  201.55  22050000.0   -1.72%\n",
            "2010-02-02  197.84  203.02  204.52  197.41  24090000.0   -2.12%\n",
            "2010-02-03  199.88  198.63  201.59  198.35  30450000.0    1.03%\n",
            "2010-02-04  194.79  199.60  199.67  194.00  35360000.0   -2.55%\n",
            "...            ...     ...     ...     ...         ...      ...\n",
            "2024-05-21  830.65  821.00  836.30  819.60  14040000.0    1.18%\n",
            "2024-05-22  818.75  826.55  826.65  813.55  19240000.0   -1.43%\n",
            "2024-05-23  832.10  824.70  835.50  822.00  17500000.0    1.63%\n",
            "2024-05-24  828.60  830.00  841.25  827.00  12250000.0   -0.42%\n",
            "2024-05-27  833.70  832.60  839.40  823.00  12300000.0    0.62%\n",
            "\n",
            "[3554 rows x 6 columns]\n"
          ]
        }
      ]
    },
    {
      "cell_type": "code",
      "source": [
        "df2 = df2.drop('Change %', axis=1)"
      ],
      "metadata": {
        "id": "dcl2BpxTCyDu"
      },
      "execution_count": 82,
      "outputs": []
    },
    {
      "cell_type": "markdown",
      "source": [
        "**Plotting time series for SBI Price**"
      ],
      "metadata": {
        "id": "tM49DOtE8QN0"
      }
    },
    {
      "cell_type": "code",
      "source": [
        "# Plot For Price Over Time\n",
        "plt.figure(figsize=(15, 8))\n",
        "plt.plot(df2.index, df2['Price'], label='Price', color='blue')\n",
        "plt.title('Price Over Time')\n",
        "plt.xlabel('Time')\n",
        "plt.ylabel('Price')\n",
        "plt.legend()\n",
        "plt.grid(True)\n",
        "plt.show()"
      ],
      "metadata": {
        "colab": {
          "base_uri": "https://localhost:8080/",
          "height": 503
        },
        "collapsed": true,
        "id": "7WJB7-6XDs9k",
        "outputId": "b89d26b3-9336-415e-bef4-40e79a79b070"
      },
      "execution_count": null,
      "outputs": [
        {
          "output_type": "display_data",
          "data": {
            "text/plain": [
              "<Figure size 1500x800 with 1 Axes>"
            ],
